0 0.09400002161661784 0.37048253417015076 0.1880000432332357 0.3053874373435974
0 0.5720507303873698 0.7228704690933228 0.22385028998057047 0.32829171419143677
0 0.08958069483439128 0.7162200212478638 0.17916138966878256 0.3351432681083679
0 0.5742402871449789 0.34925347566604614 0.23871171474456787 0.3539196252822876
0 0.3254033327102661 0.36233752965927124 0.23727383216222128 0.3275027573108673
0 0.33094680309295654 0.7129929065704346 0.23120911916097006 0.33197158575057983
0 0.9048351446787516 0.5004129409790039 0.17691834767659506 0.19573497772216797
0 0.14404582977294922 0.09654592722654343 0.2837822039922078 0.12473054230213165
1 0.6034604708353678 0.4338485300540924 0.08278175195058186 0.09561669826507568
1 0.09996781746546428 0.4324660301208496 0.0819091945886612 0.09618872404098511
1 0.6028308868408203 0.7828116416931152 0.08381168047587077 0.09851938486099243
1 0.36593063672383624 0.7761330604553223 0.07813916603724162 0.09524327516555786
1 0.09546954433123271 0.7972294688224792 0.08130122721195221 0.09621715545654297
1 0.36225461959838867 0.4223044514656067 0.08127295970916748 0.09549292922019958
1 0.9593199094136556 0.06584902852773666 0.051440159479777016 0.06889577209949493
