0 0.5717426538467407 0.753176212310791 0.19124853610992432 0.383389949798584
0 0.0959131047129631 0.11652036507924397 0.19076673686504364 0.10183433691660564
0 0.35070353746414185 0.7524524529774984 0.20666413009166718 0.3714065154393514
0 0.09663843363523483 0.25540902217229206 0.18825365602970123 0.13673877716064453
0 0.10674147307872772 0.44864896933237713 0.21151867508888245 0.2137773036956787
0 0.367147833108902 0.2875070969263713 0.17707473039627075 0.5050568580627441
0 0.3295226991176605 0.2863508462905884 0.25105899572372437 0.5024302005767822
0 0.9303449392318726 0.5703687270482382 0.13779979944229126 0.3284253279368083
1 0.6310632824897766 0.815982977549235 0.056635141372680664 0.11676891644795735
1 0.6565766334533691 0.3641286293665568 0.06577223539352417 0.14456329743067423
1 0.3990609049797058 0.36307140191396076 0.06348758935928345 0.13123557964960733
1 0.4148973524570465 0.8169490496317545 0.058191657066345215 0.10570963223775227
1 0.16785907745361328 0.24566715955734253 0.029374510049819946 0.07098905245463054
1 0.13495057821273804 0.10696212450663249 0.020772069692611694 0.04823017120361328
1 0.14402005076408386 0.22985013326009116 0.01867489516735077 0.03743978341420492
1 0.04967515170574188 0.25880475838979083 0.027542922645807266 0.06489481528600057
