0 0.32740557193756104 0.777153491973877 0.23292545974254608 0.3555285533269246
0 0.10531512647867203 0.8278302351633707 0.21063025295734406 0.3443394899368286
0 0.5594069361686707 0.7881445089975992 0.2197382152080536 0.33939552307128906
0 0.8922268152236938 0.36217506726582843 0.2153814435005188 0.07973074913024902
0 0.896491289138794 0.27434104681015015 0.20668137073516846 0.07572384675343831
0 0.9366872906684875 0.1771754821141561 0.12586629390716553 0.0904131829738617
0 0.6485466957092285 0.12655752897262573 0.07585698366165161 0.10078327854474385
0 0.017384016886353493 0.21309862534205118 0.03444548323750496 0.18768699963887533
1 0.6148581504821777 0.8174017270406088 0.06440049409866333 0.1303109327952067
1 0.3689610958099365 0.8173219362894694 0.06286326050758362 0.12434220314025879
1 0.6388257741928101 0.3852068583170573 0.0726059079170227 0.15695786476135254
1 0.04634309187531471 0.5221292575200399 0.048437945544719696 0.08768733342488606
1 0.3559812903404236 0.3760311206181844 0.06956329941749573 0.12791266043980917
1 0.8362171649932861 0.3692355950673421 0.019586145877838135 0.046335736910502114
1 0.751693069934845 0.4324053128560384 0.029636383056640625 0.06986455122629802
