0 0.1235787644982338 0.6877150535583496 0.2471575289964676 0.4802745580673218
0 0.1250719428062439 0.2704149881998698 0.2501438856124878 0.2878453731536865
0 0.3672592043876648 0.28674407800038654 0.22305351495742798 0.2998288671175639
0 0.3529016375541687 0.6852267583211263 0.19233301281929016 0.4326915740966797
0 0.8944166302680969 0.02505925049384435 0.21116673946380615 0.0501185009876887
1 0.40032994747161865 0.749901533126831 0.06359156966209412 0.1310122807820638
1 0.18938131630420685 0.7572295665740967 0.06775492429733276 0.13487911224365234
1 0.34190133213996887 0.2554885546366374 0.052451252937316895 0.10691400369008382
1 0.41654467582702637 0.28443727890650433 0.07218122482299805 0.1551280419031779
1 0.17350420355796814 0.2548343737920125 0.07825075089931488 0.1703196962674459
1 0.08517104387283325 0.22784245014190674 0.06279675662517548 0.10578904549280803
