0 0.9530502557754517 0.24419589837392172 0.09356135129928589 0.29952241977055866
0 0.10693960636854172 0.47551822662353516 0.11558480560779572 0.14116052786509195
0 0.5989640355110168 0.7368942101796468 0.2951003313064575 0.36933894952138263
0 0.07251038402318954 0.3699401219685872 0.1450207680463791 0.24861093362172446
0 0.3385445475578308 0.7796696027119955 0.3225387930870056 0.4109365940093994
1 0.6997102499008179 0.7019676367441813 0.06427985429763794 0.15819267431894937
1 0.730812668800354 0.26574432849884033 0.07117778062820435 0.1741693615913391
1 0.4396017789840698 0.7396226723988851 0.08116075396537781 0.1398747762044271
1 0.4414674639701843 0.2743754784266154 0.06516417860984802 0.17081973950068155
1 0.10138007998466492 0.06646518409252167 0.08730614185333252 0.05274022618929545
