0 0.2878652811050415 0.6877111593882242 0.260620653629303 0.37132787704467773
0 0.5340609550476074 0.6783309777577718 0.23630940914154053 0.37260464827219647
0 0.06413095444440842 0.7873851458231608 0.12826190888881683 0.37071232000986737
0 0.2573294937610626 0.235926886399587 0.28011906147003174 0.471853772799174
0 0.04558936133980751 0.3439113696416219 0.09074262529611588 0.45978713035583496
0 0.5305905938148499 0.23162021239598593 0.2479245960712433 0.46324042479197186
1 0.3637939691543579 0.7294915517171224 0.06461754441261292 0.12622336546579996
1 0.3386305868625641 0.29666972160339355 0.07062262296676636 0.15505154927571616
1 0.6052307486534119 0.2979767322540283 0.06548070907592773 0.15208532412846884
1 0.6047958135604858 0.7098917961120605 0.059668004512786865 0.12645947933197021
1 0.042468585073947906 0.8723156452178955 0.0617205984890461 0.1088714599609375
1 0.015587746165692806 0.44785086313883465 0.031175492331385612 0.13286439577738443
