0 0.07953438659509023 0.4325493574142456 0.15906877319018045 0.19738730788230896
0 0.33125237623850506 0.6501614451408386 0.2455314596494039 0.25725269317626953
0 0.08417641123135884 0.21018517017364502 0.16835282246271768 0.21851009130477905
0 0.6519178549448649 0.7151550054550171 0.2886844873428345 0.29666846990585327
0 0.29768357674280804 0.3306163549423218 0.28729458649953205 0.3503519296646118
0 0.9592111905415853 0.2492998093366623 0.0801707108815511 0.05816945433616638
0 0.9046287536621094 0.051645006984472275 0.18766864140828451 0.10329001396894455
0 0.6862916151682535 0.3442324101924896 0.35070637861887616 0.3989545702934265
1 0.3733506997426351 0.391289621591568 0.08481637636820476 0.1136825680732727
1 0.3970725138982137 0.6908402442932129 0.07286477088928223 0.08997148275375366
1 0.7419950167338053 0.7646425366401672 0.09327967961629231 0.10695910453796387
