0 0.5448327859242758 0.6691401600837708 0.1991790533065796 0.26808619499206543
0 0.5508790016174316 0.37499213218688965 0.2085012992223104 0.2940530776977539
0 0.3134063680966695 0.6935744881629944 0.25184325377146405 0.27970051765441895
0 0.29549984137217206 0.3674142062664032 0.2926742235819499 0.3289780020713806
0 0.07723257939020793 0.7673135995864868 0.15264942248662314 0.4653727412223816
1 0.3885482947031657 0.41538679599761963 0.07423579692840576 0.09601134061813354
1 0.6177455186843872 0.4096112847328186 0.06037775675455729 0.0851866602897644
1 0.60294508934021 0.6822409629821777 0.05912041664123535 0.07943683862686157
1 0.38435836633046466 0.7199706435203552 0.07000287373860677 0.08711910247802734
1 0.8014511267344157 0.31346240639686584 0.04383500417073568 0.07703626155853271
1 0.7774283091227213 0.5843859910964966 0.0429530143737793 0.06873053312301636
