0 0.26646097501118976 0.8502155542373657 0.26991526285807294 0.26204913854599
0 0.04962143301963806 0.26649993658065796 0.09881655375162761 0.1685105264186859
0 0.2519189516703288 0.5684566497802734 0.26559176047643024 0.2533872723579407
0 0.5568316777547201 0.8461606502532959 0.27232881387074787 0.2216741442680359
1 0.3336851994196574 0.833807110786438 0.08956398566563924 0.10136067867279053
1 0.6413045724232992 0.8504131436347961 0.092948317527771 0.10822200775146484
1 0.32359611988067627 0.5690558552742004 0.09609856208165486 0.12113189697265625
1 0.6598357756932577 0.5926526188850403 0.10083826382954915 0.12165474891662598
1 0.3453163305918376 0.25084391236305237 0.10103424390157063 0.12229491770267487
1 0.7136493523915609 0.27030178904533386 0.10287503401438396 0.12235642969608307
