0 0.5883928934733073 0.7264302968978882 0.23834129174550375 0.31117135286331177
0 0.263603150844574 0.7127320766448975 0.35055379072825116 0.31660228967666626
0 0.2718881567319234 0.3072144091129303 0.411962628364563 0.4483271539211273
0 0.03735691805680593 0.4486672878265381 0.07452898224194844 0.08763161301612854
0 0.5976950327555338 0.02335197664797306 0.20487574736277261 0.04670395329594612
0 0.03418698658545812 0.3483649492263794 0.06818951666355133 0.0911048948764801
0 0.3889247179031372 0.024592705070972443 0.1641832391421 0.049185410141944885
0 0.025893049935499828 0.24822157621383667 0.05140914022922516 0.08405713737010956
0 0.01999903346101443 0.06275907903909683 0.03999806692202886 0.07605507969856262
1 0.3671879768371582 0.7675694227218628 0.08704721927642822 0.09119683504104614
1 0.6468157768249512 0.7820777893066406 0.08322147528330485 0.08909541368484497
1 0.39363396167755127 0.38225057721138 0.10254955291748047 0.12712663412094116
1 0.9203228155771891 0.28101620078086853 0.057721455891927086 0.05373048782348633
1 0.7219139734903971 0.4019712507724762 0.10123101870218913 0.1301977038383484
1 0.19020813703536987 0.05851607024669647 0.08559230963389079 0.03886003792285919
1 0.10136076807975769 0.06907409429550171 0.08932554721832275 0.05491025373339653
