0 0.12324751168489456 0.629023551940918 0.16644473373889923 0.25494639078776044
0 0.5168927907943726 0.2493875821431478 0.3946511149406433 0.444743553797404
0 0.5082494020462036 0.6980458895365397 0.36966076493263245 0.3957966963450114
0 0.11675175279378891 0.3904746373494466 0.16956226527690887 0.176025390625
0 0.2633841931819916 0.3676559130350749 0.10850043594837189 0.2351168394088745
0 0.9483988881111145 0.07248567044734955 0.103202223777771 0.1384370227654775
0 0.8150240182876587 0.14679108063379923 0.11131250858306885 0.09752253691355388
0 0.9507570266723633 0.2196499506632487 0.09848600625991821 0.14114360014597574
0 0.26789751648902893 0.6213776270548502 0.1072472482919693 0.2258063554763794
0 0.1586044728755951 0.8939611117045084 0.30654001235961914 0.20886611938476562
0 0.8548677563667297 0.5075689554214478 0.09466290473937988 0.05655988057454427
1 0.1506064236164093 0.6495043436686198 0.04131627082824707 0.08302446206410725
1 0.13992878794670105 0.4028410116831462 0.04273051768541336 0.08732108275095622
1 0.6457345485687256 0.7347116470336914 0.06781762838363647 0.15796963373819986
1 0.09049338847398758 0.2307336926460266 0.031347453594207764 0.05619033177693685
1 0.6588934659957886 0.3070167104403178 0.0684388279914856 0.16994591554005942
1 0.10405197739601135 0.388593594233195 0.030994504690170288 0.05827422936757406
