0 0.589914083480835 0.7097487449645996 0.24453707536061606 0.3612073063850403
0 0.055002957582473755 0.07843632996082306 0.10928855339686076 0.15607810020446777
0 0.2969409227371216 0.7040071487426758 0.2591107487678528 0.3717285990715027
0 0.06724424660205841 0.551226019859314 0.13392181197802225 0.22989386320114136
0 0.06579597294330597 0.2910293638706207 0.13064900040626526 0.2531418800354004
0 0.6118938525517782 0.024095531553030014 0.32853420575459796 0.04819106310606003
1 0.6374984184900919 0.7773022651672363 0.09308520952860515 0.10686224699020386
1 0.33575439453125 0.7794681787490845 0.09362435340881348 0.10479658842086792
1 0.6424872080485026 0.33703532814979553 0.10063691933949788 0.11603182554244995
1 0.7475371360778809 0.32808881998062134 0.06174389521280924 0.07932615280151367
1 0.3274517059326172 0.33417972922325134 0.10097239414850871 0.12061119079589844
1 0.9677958488464355 0.19773408770561218 0.05920290946960449 0.04619625210762024
