0 0.6357536315917969 0.7623799443244934 0.28721598784128827 0.2653394937515259
0 0.6698973178863525 0.30638277530670166 0.16168034076690674 0.08864632248878479
0 0.9427852630615234 0.3382200002670288 0.11442955334981282 0.09689119458198547
0 0.3335581223169963 0.7324120998382568 0.2389688491821289 0.26060909032821655
0 0.9107136726379395 0.45995551347732544 0.1764036019643148 0.12031272053718567
0 0.8201338450113932 0.301923543214798 0.10982537269592285 0.06756579875946045
0 0.07917288442452748 0.6743568181991577 0.15805203715960184 0.18126696348190308
0 0.08028195798397064 0.4244571626186371 0.1337808072566986 0.1670343279838562
0 0.3358941078186035 0.30674129724502563 0.13573547204335532 0.0776824951171875
0 0.9495847225189209 0.2407608926296234 0.10003376007080078 0.08324472606182098
1 0.7128210067749023 0.8048717975616455 0.0841677188873291 0.09639585018157959
1 0.39775856335957843 0.7802925109863281 0.07452698548634847 0.08529943227767944
1 0.7144082387288412 0.4805242419242859 0.09059007962544759 0.09850826859474182
1 0.38129464785257977 0.4554290175437927 0.0816412369410197 0.10003712773323059
1 0.11757795015970866 0.44710826873779297 0.0470852255821228 0.06846505403518677
1 0.11039276917775472 0.6707459092140198 0.06099820137023926 0.07229912281036377
