0 0.5530179142951965 0.3377148707707723 0.1935253143310547 0.1984613537788391
0 0.16203364729881287 0.12364497780799866 0.15715737640857697 0.08207734922568004
0 0.7642223238945007 0.3449247678120931 0.19269180297851562 0.20942900578180948
0 0.45323753356933594 0.6552740732828776 0.6672796010971069 0.3942062457402547
0 0.354531466960907 0.33052436510721844 0.17427995800971985 0.19903558492660522
0 0.7445592880249023 0.08912776907285054 0.1359783411026001 0.17700101931889853
1 0.3734729588031769 0.3087985912958781 0.06369060277938843 0.13712692260742188
1 0.7336151599884033 0.7777191003163656 0.06163293123245239 0.12083752950032552
1 0.7929531335830688 0.3284204403559367 0.07093507051467896 0.1501061717669169
1 0.6315999627113342 0.24270113309224448 0.04361319541931152 0.08449572324752808
1 0.42373669147491455 0.23787490526835123 0.04532250761985779 0.0895263950030009
1 0.21070905029773712 0.22402397791544595 0.045390307903289795 0.08993250131607056
1 0.850263237953186 0.30467234055201214 0.04567033052444458 0.0836856762568156
1 0.9628578424453735 0.1502737800280253 0.04870527982711792 0.0896890660127004
1 0.04770816117525101 0.012591088811556498 0.052627429366111755 0.025182177623112995
1 0.9155294299125671 0.43481938044230145 0.04392433166503906 0.07822902997334798
1 0.049130961298942566 0.009120743721723557 0.05185981094837189 0.018241487443447113
