0 0.4808090925216675 0.23242884874343872 0.1610906422138214 0.25457855065663654
0 0.30169105529785156 0.08018362025419871 0.18184232711791992 0.16010573506355286
0 0.6661741733551025 0.24359989166259766 0.14888626337051392 0.2562456925710042
0 0.6859002113342285 0.04850431283315023 0.18531417846679688 0.09700862566630046
0 0.49215540289878845 0.046834856271743774 0.17844122648239136 0.09356588125228882
0 0.31538066267967224 0.5787561734517416 0.2838127613067627 0.1629552443822225
0 0.6100336313247681 0.603120485941569 0.281690388917923 0.1664038896560669
0 0.30182984471321106 0.3256231943766276 0.17544537782669067 0.3062771161397298
0 0.6470438241958618 0.45877448717753094 0.144153892993927 0.14387524127960205
1 0.3655776381492615 0.38351766268412274 0.03504869341850281 0.0803463061650594
1 0.3573969006538391 0.09332499901453654 0.03830766677856445 0.08909037709236145
1 0.7016719579696655 0.2613133986790975 0.04123562574386597 0.09097148974736531
1 0.42439889907836914 0.58216659228007 0.04184684157371521 0.08115804195404053
1 0.7104669809341431 0.6136296590169271 0.051690876483917236 0.0898272196451823
1 0.5444734692573547 0.030447351435820263 0.03454875946044922 0.060894702871640526
1 0.5501978397369385 0.9472742080688477 0.04932898283004761 0.10545166333516438
1 0.7139837741851807 0.008109945182998976 0.04465597867965698 0.01621989036599795
