0 0.08142882585525513 0.7923653920491537 0.16257357597351074 0.1737360954284668
0 0.08376546204090118 0.5901099046071371 0.16714197397232056 0.17433245976765951
0 0.73503577709198 0.38658177852630615 0.30486977100372314 0.3056960304578145
0 0.3514036536216736 0.7373666763305664 0.4125624895095825 0.3350331783294678
0 0.7233675122261047 0.7365934054056803 0.3167085647583008 0.30492695172627765
0 0.3446095585823059 0.35589802265167236 0.42204713821411133 0.3313634196917216
0 0.7296122312545776 0.9606385231018066 0.3210447430610657 0.07872287432352702
0 0.0795164629817009 0.9534085591634115 0.15766511857509613 0.09278059005737305
0 0.08190634101629257 0.2513297398885091 0.16297297179698944 0.4339471658070882
1 0.12852171063423157 0.959583600362142 0.05552078038454056 0.08083279927571614
1 0.11253552883863449 0.36763731638590497 0.06028197705745697 0.12425285577774048
1 0.11317884922027588 0.5893153349558512 0.060682766139507294 0.12225377559661865
1 0.11632801592350006 0.7856048742930094 0.056849054992198944 0.11757977803548177
1 0.8363053798675537 0.3771677017211914 0.0795181393623352 0.1596119205156962
1 0.8274820446968079 0.7473254998524984 0.08323442935943604 0.17084070046742758
