0 0.6334410508473715 0.7052032351493835 0.24528932571411133 0.27852725982666016
0 0.3482898473739624 0.7226617336273193 0.2841102083524068 0.3077419400215149
0 0.03438528378804525 0.7352522611618042 0.06787413358688354 0.26830023527145386
0 0.07980895042419434 0.37070024013519287 0.15961790084838867 0.43492329120635986
0 0.0500800758600235 0.36716604232788086 0.100160151720047 0.4294016361236572
0 0.9118990898132324 0.3920539617538452 0.17620174090067545 0.34438157081604004
1 0.6906018257141113 0.7238248586654663 0.07634520530700684 0.08884984254837036
1 0.7229706446329752 0.3891206383705139 0.0817881425221761 0.10371622443199158
1 0.4093946615854899 0.7412015199661255 0.0787721077601115 0.09336739778518677
1 0.4047697385152181 0.3892551064491272 0.08722905317942302 0.10821181535720825
1 0.9445315996805826 0.45650607347488403 0.057430267333984375 0.09298649430274963
1 0.012335975964864096 0.7621500492095947 0.02467195192972819 0.09227901697158813
