0 0.3231598536173503 0.6979424953460693 0.2778302828470866 0.26652926206588745
0 0.33684468269348145 0.442318856716156 0.3092566132545471 0.18515625596046448
0 0.6115696827570597 0.6408075094223022 0.2553468545277913 0.09879916906356812
0 0.08198920885721843 0.24978554248809814 0.1632880171140035 0.14767400920391083
0 0.08224571247895558 0.5238043069839478 0.164242555697759 0.19316118955612183
0 0.6476310888926188 0.4599917531013489 0.2848711411158244 0.1736280620098114
0 0.3394695520401001 0.2728918492794037 0.3225221832593282 0.13677595555782318
0 0.7085176308949789 0.28514930605888367 0.3817406892776489 0.13025541603565216
1 0.38843663533528644 0.7451327443122864 0.08177173137664795 0.08713221549987793
1 0.08403114477793376 0.5416284799575806 0.054844677448272705 0.06792581081390381
1 0.7306521733601888 0.44242000579833984 0.09231940905253093 0.10666579008102417
1 0.4119008382161458 0.43696895241737366 0.09249571959177653 0.11263132095336914
1 0.6774118741353353 0.7548387050628662 0.07657436529795329 0.08675652742385864
1 0.12878427902857462 0.2723611891269684 0.03228059411048889 0.04907284677028656
