0 0.25733719269434613 0.34640222787857056 0.4774157603581746 0.4135911464691162
0 0.9681714375813802 0.5612316727638245 0.06365712483723958 0.1047666072845459
0 0.7058401107788086 0.7423347234725952 0.37453651428222656 0.3141525387763977
0 0.3259000778198242 0.7372798919677734 0.36922788619995117 0.3099215626716614
0 0.1509474515914917 0.08748999983072281 0.1264690657456716 0.0864269882440567
0 0.7617421944936117 0.34277692437171936 0.469658891359965 0.4207741618156433
0 0.04075051595767339 0.5087540745735168 0.07991234958171844 0.2605259418487549
1 0.8222214380900065 0.7855458855628967 0.09580206871032715 0.10348045825958252
1 0.42981159687042236 0.7806003093719482 0.09173933664957683 0.10189926624298096
1 0.40814387798309326 0.41772183775901794 0.10407980283101399 0.1249435544013977
1 0.8694167137145996 0.419890820980072 0.10918879508972168 0.1295640766620636
1 0.09070510665575664 0.5593098402023315 0.04688954850037893 0.05943077802658081
