0 0.07023097078005473 0.35126209259033203 0.13890437285105386 0.14279478788375854
0 0.2941315770149231 0.6941269040107727 0.27576251824696857 0.23738384246826172
0 0.9141995112101237 0.5154491662979126 0.1716010570526123 0.1696750521659851
0 0.5795638561248779 0.6707690954208374 0.24254469076792398 0.25356370210647583
0 0.6419005393981934 0.36437055468559265 0.3156527280807495 0.31130045652389526
1 0.8276748657226562 0.30234187841415405 0.065277099609375 0.08290919661521912
1 0.346842885017395 0.7104299068450928 0.08783056338628133 0.09295523166656494
1 0.100786159435908 0.22353088855743408 0.04014247159163157 0.050949424505233765
1 0.6347163518269857 0.6991758346557617 0.08109903335571289 0.0887993574142456
1 0.113762100537618 0.3848641514778137 0.0368745227654775 0.04511910676956177
1 0.693033774693807 0.4002244472503662 0.09325079123179118 0.11555701494216919
1 0.36784934997558594 0.38613438606262207 0.09978357950846355 0.12341877818107605
