0 0.9367192983627319 0.5457027355829874 0.12643009424209595 0.18792597452799478
0 0.2661478817462921 0.7585698763529459 0.22170883417129517 0.34276620546976727
0 0.2320479154586792 0.2839326858520508 0.2406676858663559 0.408920685450236
1 0.5573561191558838 0.812104066212972 0.058579981327056885 0.12200522422790527
1 0.984788179397583 0.5451540152231852 0.029664218425750732 0.07360418637593587
1 0.5589144825935364 0.35768882433573407 0.06636714935302734 0.14530219634373984
1 0.32431119680404663 0.8105310599009196 0.06050214171409607 0.11734994252522786
1 0.8564313054084778 0.3470436731974284 0.035711050033569336 0.09410981337229411
1 0.30018526315689087 0.3514525890350342 0.07000130414962769 0.1442617972691854
1 0.5462145805358887 0.13242101669311523 0.04972571134567261 0.09508231282234192
1 0.8427896499633789 0.6166144212086996 0.03667372465133667 0.08065160115559895
