0 0.6910926500956217 0.2602112889289856 0.3322046995162964 0.27645736932754517
0 0.5493446985880533 0.6494642496109009 0.13582356770833334 0.1254865527153015
0 0.38550861676534015 0.8254265189170837 0.1539913217226664 0.0722951889038086
0 0.72882080078125 0.4970022141933441 0.1578366756439209 0.1396295428276062
0 0.5411168734232584 0.7898391485214233 0.13550209999084473 0.11733657121658325
0 0.2813289165496826 0.24849586188793182 0.39395324389139813 0.3111773431301117
0 0.5829447110493978 0.4946304261684418 0.13363397121429443 0.14729994535446167
0 0.585708220799764 0.7896972894668579 0.22462236881256104 0.11491972208023071
0 0.9193326632181803 0.4108092188835144 0.1540518601735433 0.06408503651618958
0 0.9129705429077148 0.5574303269386292 0.17107685407002768 0.22260808944702148
0 0.038799899319807686 0.20098716020584106 0.07724824051062266 0.21619319915771484
1 0.7816329002380371 0.27115005254745483 0.0999003251393636 0.1288207471370697
1 0.42269885540008545 0.6699851751327515 0.03975653648376465 0.04913264513015747
1 0.37685052553812665 0.24885492026805878 0.11236782868703206 0.13198718428611755
1 0.38537319501241046 0.8165623545646667 0.12320526440938313 0.049735069274902344
