0 0.07055540879567464 0.5822254419326782 0.14097909132639566 0.15665608644485474
0 0.3060769240061442 0.35840171575546265 0.26307902733484906 0.3557133674621582
0 0.5635347366333008 0.7585811614990234 0.24096977710723877 0.3173162341117859
0 0.5860096216201782 0.35510581731796265 0.25058913230895996 0.36972281336784363
0 0.07525941729545593 0.4224047064781189 0.14950329065322876 0.07272842526435852
0 0.07074686884880066 0.23722133040428162 0.14092896382013956 0.10763831436634064
1 0.6042713324228922 0.8197382092475891 0.08780773480733235 0.10301625728607178
1 0.626413106918335 0.4281727075576782 0.09064865112304688 0.10811540484428406
1 0.3445045550664266 0.42502880096435547 0.08881823221842448 0.11126106977462769
1 0.34121493498484295 0.8116986751556396 0.08226241668065389 0.09735649824142456
1 0.07789211471875508 0.5941985845565796 0.04713211456934611 0.05462855100631714
