0 0.4366404414176941 0.70920197168986 0.1933118999004364 0.3032357692718506
0 0.10033514350652695 0.19266502062479654 0.19945280253887177 0.21670937538146973
0 0.6404649019241333 0.7126677831013998 0.18357926607131958 0.3076554536819458
0 0.44196420907974243 0.2800417939821879 0.21899917721748352 0.4254831075668335
0 0.11689647287130356 0.44594669342041016 0.19359134137630463 0.21421241760253906
1 0.5024473071098328 0.3572013775507609 0.06374070048332214 0.1381585399309794
1 0.7355685234069824 0.34604398409525555 0.060890018939971924 0.12677071491877237
1 0.15832194685935974 0.22647249698638916 0.044267281889915466 0.09013211727142334
1 0.17899605631828308 0.481261412302653 0.04006470739841461 0.07923479874928792
1 0.4862147569656372 0.7417348225911459 0.057120710611343384 0.10949118932088216
1 0.6957603693008423 0.7494735717773438 0.056690216064453125 0.11282817522684734
