0 0.09523308277130127 0.5163535277048746 0.18872597813606262 0.2266164223353068
0 0.9138962030410767 0.40785757700602215 0.17022836208343506 0.12748920917510986
0 0.9071052670478821 0.5569225947062174 0.1841198205947876 0.13240559895833334
0 0.08039188385009766 0.2530377109845479 0.1607837677001953 0.27491915225982666
0 0.37898480892181396 0.7094744841257731 0.2523690462112427 0.4481983582178752
0 0.12543019652366638 0.8357858657836914 0.25053560733795166 0.3284282684326172
1 0.43458443880081177 0.7935240268707275 0.06775826215744019 0.1311028798421224
1 0.7227890491485596 0.7932589054107666 0.06696397066116333 0.12772750854492188
1 0.7824063301086426 0.20990206797917685 0.07189840078353882 0.16833547751108804
1 0.43505173921585083 0.23894832531611124 0.08003634214401245 0.17044015725453696
