0 0.05703558027744293 0.3184107144673665 0.11383056640625 0.24908828735351562
0 0.06112357974052429 0.6544961929321289 0.1219525933265686 0.21245129903157553
0 0.3817720115184784 0.7190105120340983 0.22313904762268066 0.44341111183166504
0 0.6463704705238342 0.24143360058466592 0.2658036947250366 0.48286720116933185
0 0.36456966400146484 0.23466140031814575 0.27483832836151123 0.4693228006362915
1 0.4342591166496277 0.7969026565551758 0.06196519732475281 0.13082782427469888
1 0.43920379877090454 0.2961391607920329 0.07056140899658203 0.15553237994511923
1 0.6939881443977356 0.8000272115071615 0.06412374973297119 0.1315180460611979
1 0.7265537977218628 0.3051897684733073 0.07476156949996948 0.1578697363535563
1 0.9797337055206299 0.8631184101104736 0.03989452123641968 0.08760960896809895
1 0.9926689863204956 0.6244432131449381 0.014360606670379639 0.0723950465520223
