0 0.2526926596959432 0.43600112199783325 0.37013673782348633 0.19239357113838196
0 0.6796083450317383 0.44558078050613403 0.4645695686340332 0.22442206740379333
0 0.7197750409444174 0.1469028890132904 0.5140907367070516 0.2906973958015442
0 0.6573779980341593 0.6807043552398682 0.39723769823710126 0.2041681408882141
0 0.22775882482528687 0.8214195370674133 0.4462786118189494 0.1637256145477295
0 0.6404252052307129 0.8842513561248779 0.3446173667907715 0.1858159899711609
0 0.2538462281227112 0.6427789330482483 0.3959410587946574 0.17152786254882812
1 0.36172982056935626 0.6533209085464478 0.08808199564615886 0.10980671644210815
1 0.36595435937245685 0.8285143971443176 0.08792267243067424 0.09899544715881348
1 0.34046490987141925 0.4363444447517395 0.10171713431676228 0.12765026092529297
1 0.7628130912780762 0.9003232717514038 0.10790586471557617 0.10664123296737671
1 0.7676801681518555 0.7019765377044678 0.11266477902730306 0.12083011865615845
1 0.8843724727630615 0.18894965946674347 0.1285394032796224 0.08313995599746704
