0 0.08144323527812958 0.5397911667823792 0.16223308444023132 0.1685808002948761
0 0.5761635303497314 0.33825793862342834 0.24373908837636313 0.36049145460128784
0 0.31835214296976727 0.33016908168792725 0.2410262624422709 0.35585495829582214
0 0.53718368212382 0.719261646270752 0.21326927344004312 0.3001897931098938
0 0.08003356556097667 0.35938650369644165 0.15973509351412454 0.160773366689682
0 0.10963272054990132 0.21017032861709595 0.14225807785987854 0.1226847767829895
0 0.045762911438941956 0.3598320484161377 0.09106142322222392 0.1592923104763031
0 0.2982351779937744 0.6862589120864868 0.20922444264094034 0.31891947984695435
1 0.33221330245335895 0.7613030672073364 0.07653280099232991 0.09128588438034058
1 0.10511215527852376 0.5612162351608276 0.04275150100390116 0.04968911409378052
1 0.5737374623616537 0.7768148183822632 0.08168868223826091 0.09772640466690063
1 0.613788366317749 0.41715866327285767 0.08592883745829265 0.10275965929031372
1 0.3525458176930745 0.4015999436378479 0.08286414543787639 0.1069551408290863
