0 0.2960384488105774 0.6911247571309408 0.20690827071666718 0.3621355692545573
0 0.08709241449832916 0.5395840803782145 0.17312896251678467 0.26932235558827716
0 0.5149771571159363 0.6882533232371012 0.19506284594535828 0.353906512260437
0 0.26926714181900024 0.2480788230895996 0.23452109098434448 0.45314757029215497
0 0.8202731013298035 0.463625431060791 0.05648326873779297 0.10536511739095052
0 0.7323991656303406 0.481292724609375 0.10417747497558594 0.11556728680928548
1 0.352863609790802 0.3429989814758301 0.05912694334983826 0.11918272574742635
1 0.6034029126167297 0.3345385392506917 0.055716514587402344 0.11522940794626872
1 0.028696715831756592 0.5893960396448771 0.03662914037704468 0.0756393273671468
1 0.37007588148117065 0.7471343676249186 0.039129048585891724 0.1005691687266032
1 0.5818800926208496 0.7435278097788492 0.043462932109832764 0.09741814931233723
