0 0.1419826845328013 0.4983871579170227 0.134408970673879 0.0815877914428711
0 0.29152214527130127 0.30894437432289124 0.18572916587193808 0.09849661588668823
0 0.4883261521657308 0.29858747124671936 0.17937048276265463 0.11274708807468414
0 0.02162460486094157 0.3076331913471222 0.04273983836174011 0.1173863410949707
0 0.05557106932004293 0.17445319890975952 0.11076011260350545 0.1462925523519516
0 0.9520197709401449 0.6622142791748047 0.09493605295817058 0.25024110078811646
0 0.024421706795692444 0.46492159366607666 0.04810407757759094 0.1061730682849884
0 0.7234515349070231 0.7527549266815186 0.2736918528874715 0.29378873109817505
0 0.3944351275761922 0.46107321977615356 0.3690648078918457 0.18225610256195068
0 0.8185680707295736 0.24418267607688904 0.15630133946736655 0.1074596494436264
0 0.9671735763549805 0.3935955762863159 0.06432557106018066 0.26513370871543884
0 0.3798355261484782 0.7658164501190186 0.3004920879999797 0.28633326292037964
0 0.1240209440390269 0.3560432195663452 0.125445028146108 0.18484005331993103
1 0.8174661000569662 0.7854731678962708 0.0838475227355957 0.10201835632324219
1 0.4892290433247884 0.4257143437862396 0.0990747610727946 0.11008834838867188
1 0.4776272773742676 0.8184731602668762 0.08802767594655354 0.10649394989013672
1 0.570241371790568 0.06226189434528351 0.08399685223897298 0.050677988678216934
1 0.8535989125569662 0.4185006618499756 0.08382884661356609 0.1085708737373352
