0 0.35799241065979004 0.6623538335164388 0.2225131243467331 0.4383476177851359
0 0.6156490445137024 0.6788294315338135 0.25124529004096985 0.479628046353658
0 0.08271180838346481 0.8058327039082845 0.16542361676692963 0.36334824562072754
0 0.05310602858662605 0.362746000289917 0.10615798085927963 0.45871742566426593
1 0.6830552816390991 0.7660840352376302 0.07199686765670776 0.14656782150268555
1 0.41107654571533203 0.7247477372487386 0.06476131081581116 0.13723727067311606
1 0.06782007217407227 0.8437256813049316 0.07230429351329803 0.1420754591623942
1 0.39400389790534973 0.2100633184115092 0.07363712787628174 0.1641673743724823
1 0.6907175779342651 0.20338294903437296 0.07631713151931763 0.16226717829704285
1 0.02787688374519348 0.39556968212127686 0.05575376749038696 0.16084488232930502
