0 0.20729106664657593 0.4515494406223297 0.39854451020558673 0.19546419382095337
0 0.7178475856781006 0.4463821351528168 0.44331538677215576 0.2083544135093689
0 0.7094964981079102 0.6740849018096924 0.42264314492543537 0.18481963872909546
0 0.2468400001525879 0.6573064923286438 0.3860972722371419 0.16304898262023926
0 0.18135948975880942 0.19009537994861603 0.3618333339691162 0.2608824670314789
0 0.23262240489323935 0.8541833162307739 0.45624132951100665 0.1860942840576172
1 0.800635019938151 0.8710075616836548 0.10129078229268391 0.10668641328811646
1 0.8084251085917155 0.6865003705024719 0.10761205355326335 0.11896336078643799
1 0.3460053602854411 0.6572442054748535 0.10064355532328288 0.11180973052978516
1 0.373851219813029 0.8505523204803467 0.09464975198109944 0.1046491265296936
1 0.3066247304280599 0.4419863820075989 0.1074209213256836 0.1329599916934967
1 0.8383504549662272 0.44787418842315674 0.11642646789550781 0.13320603966712952
1 0.24523617823918661 0.1931145191192627 0.10762437184651692 0.1303674429655075
