0 0.7374265193939209 0.4431837797164917 0.5066950718561808 0.2290354073047638
0 0.21492516994476318 0.442999005317688 0.41631054878234863 0.21448710560798645
0 0.730767567952474 0.15277335047721863 0.5240923961003622 0.27451324462890625
0 0.25595901409784955 0.6693358421325684 0.37721216678619385 0.1806349754333496
0 0.19551879167556763 0.1526738703250885 0.38899656136830646 0.305347740650177
0 0.6863019466400146 0.6803023815155029 0.4228594700495402 0.19349807500839233
0 0.24228399991989136 0.853827953338623 0.4603153467178345 0.16095048189163208
1 0.7885955969492594 0.8927797079086304 0.10719505945841472 0.11447256803512573
1 0.3853677113850911 0.8528681993484497 0.09390970071156819 0.10123765468597412
1 0.3504398266474406 0.6742727756500244 0.10209033886591594 0.11568480730056763
1 0.3074662685394287 0.4479743242263794 0.1101866364479065 0.13219985365867615
1 0.8070861498514811 0.6926151514053345 0.11050995190938313 0.12453752756118774
1 0.8378549416859945 0.4405256509780884 0.11115837097167969 0.11900052428245544
