0 0.28238578637441 0.7302367687225342 0.2993825475374858 0.1742742657661438
0 0.2785274585088094 0.5265829563140869 0.30288004875183105 0.20431405305862427
0 0.21421297391255698 0.2706882357597351 0.4229302406311035 0.2085789144039154
0 0.5974311828613281 0.7596457600593567 0.3093120257059733 0.1822599172592163
0 0.6289076805114746 0.5516090393066406 0.3649541139602661 0.21745607256889343
1 0.3346777359644572 0.5231943130493164 0.08787232637405396 0.10455211997032166
1 0.690676768620809 0.5508357286453247 0.096070130666097 0.11213496327400208
1 0.659636934598287 0.7603750824928284 0.08745725949605306 0.09671640396118164
1 0.3361822764078776 0.7273321151733398 0.08277408281962077 0.09528487920761108
1 0.8608050346374512 0.47691136598587036 0.05240480105082194 0.05967065691947937
1 0.31909918785095215 0.2727179527282715 0.0934717853864034 0.11625377833843231
1 0.8314788341522217 0.5591838359832764 0.052395025889078774 0.05868571996688843
1 0.9316371281941732 0.4727697968482971 0.030020952224731445 0.04308396577835083
1 0.7134759426116943 0.2899628281593323 0.10585176944732666 0.12904693186283112
