0 0.1039159099260966 0.5610498189926147 0.20379738012949625 0.1627107560634613
0 0.5850338141123453 0.7208607792854309 0.23195552825927734 0.308976411819458
0 0.10700845718383789 0.38398268818855286 0.21401691436767578 0.1638532280921936
0 0.5999332269032797 0.34158915281295776 0.2376323938369751 0.351441890001297
0 0.13830150167147318 0.23190267384052277 0.14059334993362427 0.12205490469932556
0 0.34217814604441327 0.3437846004962921 0.23570468028386435 0.3364807963371277
0 0.827757994333903 0.5360325574874878 0.10606710116068523 0.13250121474266052
0 0.22706898053487143 0.6996312141418457 0.45413796106974286 0.3156840205192566
0 0.01600974053144455 0.19552549719810486 0.031490261356035866 0.10141502320766449
0 0.10849629839261372 0.4142293334007263 0.21475491921106973 0.08786067366600037
1 0.6220011711120605 0.7831054925918579 0.08293076356252034 0.09652364253997803
1 0.6429789066314697 0.4147777557373047 0.08556187152862549 0.10361745953559875
1 0.3799540201822917 0.4083428978919983 0.0810914436976115 0.10479345917701721
1 0.1456011732419332 0.5755354166030884 0.04506269097328186 0.05260211229324341
1 0.37718812624613446 0.7723045349121094 0.07798576354980469 0.0919637680053711
