0 0.5836877226829529 0.2831488251686096 0.19682130217552185 0.394192894299825
0 0.5673114657402039 0.6563084125518799 0.1726808249950409 0.30324264367421466
0 0.3706519901752472 0.14324893554051718 0.22332465648651123 0.11769408981005351
0 0.3853274881839752 0.6992953618367513 0.17740976810455322 0.2288822333017985
0 0.7074053287506104 0.033457947274049125 0.19616109132766724 0.06691589454809825
0 0.5010673999786377 0.03385904679695765 0.1841934621334076 0.0677180935939153
0 0.08912473917007446 0.3107000192006429 0.11790630221366882 0.2432337005933126
0 0.3402397334575653 0.35061689217885333 0.28174275159835815 0.26722079515457153
0 0.20917516946792603 0.23757576942443848 0.1056080013513565 0.15299377838770548
0 0.21849584579467773 0.4032176733016968 0.11723928153514862 0.1363185246785482
0 0.10134242475032806 0.5403238932291666 0.12149837613105774 0.18760677178700766
0 0.6133689284324646 0.6621261437733968 0.26206496357917786 0.31145695845286053
1 0.41932496428489685 0.3454984823862712 0.059861183166503906 0.12968711058298746
1 0.6151021718978882 0.7099969387054443 0.05221766233444214 0.10848716894785564
1 0.6335296034812927 0.3464234670003255 0.0572657585144043 0.11209762096405029
1 0.42102184891700745 0.7038743495941162 0.05275309085845947 0.10527471701304118
