0 0.4047463536262512 0.3273817300796509 0.3313272297382355 0.2663887143135071
0 0.7301242351531982 0.34609711170196533 0.2801946997642517 0.23980472485224405
0 0.7222733497619629 0.5969606240590414 0.2579309344291687 0.2084129254023234
1 0.7618153691291809 0.2869236469268799 0.0625460147857666 0.08869959910710652
1 0.4969494938850403 0.9744138717651367 0.06423893570899963 0.03786659240722656
1 0.5160602331161499 0.2658149003982544 0.025182068347930908 0.05890703201293945
1 0.3844485878944397 0.9754141171773275 0.064991295337677 0.03698372840881348
1 0.4367470145225525 0.5621480147043864 0.08792033791542053 0.08430635929107666
1 0.8163238763809204 0.2799864212671916 0.029022216796875 0.07214216391245525
1 0.7899445295333862 0.28183184067408246 0.08258575201034546 0.07681409517923991
1 0.7577416896820068 0.30058467388153076 0.058439552783966064 0.11478757858276367
