0 0.36936259269714355 0.7209897041320801 0.2370583415031433 0.33491237958272296
0 0.24833455681800842 0.30707810322443646 0.48680001497268677 0.4181082646052043
0 0.9469946026802063 0.32098809878031415 0.1060107946395874 0.21415813763936362
0 0.6215405464172363 0.707362174987793 0.22093582153320312 0.32565399010976154
0 0.6939710378646851 0.2710809111595154 0.3162042498588562 0.4722326993942261
0 0.3509975075721741 0.3069910804430644 0.2726418375968933 0.4174092213312785
1 0.692139744758606 0.7329115867614746 0.06582075357437134 0.1234420935312907
1 0.440844863653183 0.7349770863850912 0.06970071792602539 0.13086152076721191
1 0.8312282562255859 0.31959482034047443 0.03445017337799072 0.07507870594660442
1 0.11421869695186615 0.32580387592315674 0.03358054906129837 0.07557946443557739
1 0.9867666959762573 0.3461250861485799 0.026466548442840576 0.07557119925816853
1 0.432966411113739 0.3073462247848511 0.07057306170463562 0.14891727765401205
1 0.7489632368087769 0.3066088358561198 0.07761746644973755 0.167179803053538
