0 0.07553672045469284 0.22008554140726724 0.15101169049739838 0.23861400286356607
0 0.2556630074977875 0.061309173703193665 0.19134925305843353 0.12261834740638733
0 0.6082786321640015 0.09804434577624004 0.09842199087142944 0.19385570287704468
0 0.07437097281217575 0.04369762043158213 0.1487419456243515 0.08739524086316426
0 0.7789140939712524 0.031616238256295524 0.1983841061592102 0.06323247651259105
0 0.3430905342102051 0.5407359997431437 0.17749053239822388 0.26560521125793457
0 0.20847105979919434 0.2397781809171041 0.10363215208053589 0.22082897027333578
1 0.5708435773849487 0.5723011493682861 0.0478057861328125 0.09729286034901936
1 0.2919239401817322 0.03452580918868383 0.033614546060562134 0.06905161837736766
1 0.10360071063041687 0.25380698839823407 0.035871319472789764 0.073856254418691
1 0.3977314531803131 0.568382978439331 0.050542235374450684 0.10151076316833496
1 0.09433437883853912 0.03034987797339757 0.0389055460691452 0.06069975594679514
1 0.5157456994056702 0.14125996828079224 0.027790069580078125 0.06822922825813293
