0 0.2781134446461995 0.5783259272575378 0.3033704161643982 0.19008514285087585
0 0.6375241279602051 0.3643505573272705 0.3170103629430135 0.23460446298122406
0 0.7208271026611328 0.5927187204360962 0.5188339153925577 0.19557875394821167
0 0.22336792945861816 0.35492950677871704 0.44673585891723633 0.2237091213464737
0 0.05371102690696716 0.5145792961120605 0.10719668865203857 0.08559036254882812
0 0.28141530354817706 0.7765772938728333 0.28238805135091144 0.17132186889648438
0 0.9151793320973715 0.10232595354318619 0.16953579584757486 0.1996041089296341
0 0.6066778500874838 0.5943905711174011 0.29490991433461505 0.19599202275276184
0 0.4604490598042806 0.15261037647724152 0.2113419771194458 0.18260645866394043
0 0.5724415381749471 0.7931683659553528 0.2777572472890218 0.17117691040039062
1 0.3358612060546875 0.5681325197219849 0.08592414855957031 0.10361593961715698
1 0.6675455570220947 0.5847469568252563 0.08772289752960205 0.1045299768447876
1 0.6389512618382772 0.783307671546936 0.0843795935312907 0.09438401460647583
1 0.33322932322820026 0.7666428685188293 0.08286233743031819 0.09409558773040771
1 0.34191393852233887 0.33965468406677246 0.09345157941182454 0.11374348402023315
1 0.6995038191477457 0.35341739654541016 0.0912392536799113 0.11724168062210083
1 0.9236408869425455 0.2794356644153595 0.04057208697001139 0.04394042491912842
1 0.899462620417277 0.39139819145202637 0.04416084289550781 0.04810762405395508
1 0.9248075485229492 0.6277549266815186 0.06204676628112793 0.06544172763824463
