0 0.3104676405588786 0.36605197191238403 0.2578086256980896 0.2891923189163208
0 0.5722865263621012 0.6831897497177124 0.271989385286967 0.27025264501571655
0 0.3100564479827881 0.6626638174057007 0.24196316798528036 0.2576572299003601
0 0.854649543762207 0.4852854609489441 0.24154265721638998 0.23367497324943542
0 0.5817444324493408 0.4325265884399414 0.2713814973831177 0.19572481513023376
0 0.047124654054641724 0.08353327959775925 0.09388798475265503 0.1670665591955185
0 0.047779793540636696 0.11473385244607925 0.09545370936393738 0.10519219934940338
0 0.5919193426767985 0.28281930088996887 0.2927568753560384 0.12236672639846802
1 0.3647271394729614 0.710938572883606 0.06900825103123982 0.0809546709060669
1 0.6561594804128011 0.4276334047317505 0.09043657779693604 0.1040719747543335
1 0.3640541632970174 0.4220953583717346 0.0796385407447815 0.1001092791557312
1 0.6351833343505859 0.7413423657417297 0.0823682149251302 0.08969247341156006
1 0.7519648869832357 0.5200456380844116 0.041789849599202476 0.05171555280685425
1 0.8839410146077474 0.3253043293952942 0.039498090744018555 0.048926979303359985
