0 0.4685169756412506 0.7457472483317057 0.17689162492752075 0.3559938271840413
0 0.6801385879516602 0.7493058840433756 0.1971675157546997 0.37556715806325275
0 0.6958615779876709 0.3192037542661031 0.21815890073776245 0.4475157658259074
0 0.45799189805984497 0.3264388640721639 0.1928497552871704 0.4168104330698649
0 0.17609162628650665 0.36002087593078613 0.34826555848121643 0.24721799294153848
0 0.7037608623504639 0.04454617202281952 0.19559437036514282 0.08870471517244975
1 0.7261888384819031 0.7999222278594971 0.053234100341796875 0.10872141520182292
1 0.5178204774856567 0.7976255416870117 0.054936110973358154 0.1133285363515218
1 0.5102917551994324 0.39214821656545 0.05815693736076355 0.12374037504196167
1 0.7607603073120117 0.38386956850687665 0.05965578556060791 0.1319879094759623
1 0.05928049236536026 0.32681989669799805 0.09461045265197754 0.11770461002985637
1 0.05810369551181793 0.3030194044113159 0.09466969966888428 0.07860795656840007
