0 0.7831598917643229 0.7853538393974304 0.32113830248514813 0.1837148666381836
0 0.8415371576944987 0.5563893914222717 0.31494704882303876 0.24684706330299377
0 0.059733634193738304 0.4853682518005371 0.11911848187446594 0.18283924460411072
0 0.4410110314687093 0.7026812434196472 0.29457320769627887 0.32755517959594727
0 0.06697571277618408 0.27031612396240234 0.13329190015792847 0.21176515519618988
0 0.0653818945089976 0.309294730424881 0.13046290477116904 0.13696008920669556
0 0.47126245498657227 0.6204507946968079 0.3139952818552653 0.15813791751861572
1 0.06865782042344411 0.5041307210922241 0.06879263122876485 0.07716447114944458
1 0.07159316539764404 0.2876589596271515 0.0737738807996114 0.08865509927272797
1 0.51757284005483 0.755422830581665 0.09708817799886067 0.1102326512336731
1 0.5961785713831583 0.3694154620170593 0.10586881637573242 0.1241472065448761
1 0.8851273854573568 0.7921781539916992 0.08494949340820312 0.10178506374359131
