0 0.514045238494873 0.7512915134429932 0.26569847265879315 0.2579255700111389
0 0.8571747144063314 0.37453606724739075 0.28565049171447754 0.389848530292511
0 0.6524508794148763 0.14588958024978638 0.1381251017252604 0.09630807489156723
0 0.8305549621582031 0.7304332256317139 0.28978721300760907 0.2909366488456726
1 0.8946486314137777 0.7715556621551514 0.08116944630940755 0.09264004230499268
1 0.5941570202509562 0.7741983532905579 0.07773971557617188 0.08115005493164062
1 0.3027971585591634 0.7883604168891907 0.09057195981343587 0.09359800815582275
1 0.24176212151845297 0.43671202659606934 0.10192400217056274 0.11930903792381287
1 0.952798048655192 0.42525917291641235 0.09087324142456055 0.1038162112236023
1 0.5989464918772379 0.43199771642684937 0.10126547018686931 0.11447069048881531
1 0.5123063723246256 0.15662482380867004 0.03400993347167969 0.03473071753978729
1 0.44138511021931964 0.030628571286797523 0.039655725161234535 0.04305702820420265
