0 0.10117186605930328 0.46745868523915607 0.20234373211860657 0.2951965530713399
0 0.11157950758934021 0.7722500165303549 0.2207547426223755 0.25348687171936035
0 0.39538103342056274 0.7218254407246908 0.22447744011878967 0.3127603928248088
0 0.6489564776420593 0.33438090483347577 0.25196075439453125 0.37489763895670575
0 0.9094291925430298 0.7387438615163168 0.18004685640335083 0.3663465181986491
0 0.6319128274917603 0.731381893157959 0.23731231689453125 0.33936333656311035
0 0.08965817838907242 0.14284474651018778 0.17931635677814484 0.28568949302037555
1 0.16546598076820374 0.7767605781555176 0.062335237860679626 0.12216385205586751
1 0.7207837104797363 0.37785931428273517 0.06596297025680542 0.1423138976097107
1 0.6928372979164124 0.7788381576538086 0.05855154991149902 0.11841734250386556
1 0.1387382596731186 0.47170495986938477 0.06620559841394424 0.14015992482503256
1 0.45654669404029846 0.3843826452891032 0.06186610460281372 0.1376017928123474
1 0.45768940448760986 0.7719745635986328 0.056019216775894165 0.11477065086364746
1 0.10390418022871017 0.10520793000857036 0.06546007096767426 0.151250292857488
