0 0.411095529794693 0.1181739866733551 0.12240827083587646 0.13429683446884155
0 0.41364896297454834 0.7781524658203125 0.22351005673408508 0.37300089995066327
0 0.9540097713470459 0.22847513357798258 0.09198051691055298 0.1817922592163086
0 0.04549475014209747 0.40627121925354004 0.09051583707332611 0.18246257305145264
0 0.6492101550102234 0.7714378039042155 0.20641231536865234 0.36668626467386883
0 0.38251036405563354 0.11918006340662639 0.18373003602027893 0.13535524408022562
0 0.8837109804153442 0.9184065659840902 0.2322603464126587 0.16318686803181967
0 0.9758478403091431 0.42482463518778485 0.04771459102630615 0.1625155210494995
1 0.7133491635322571 0.8151176770528158 0.0637366771697998 0.13062365849812826
1 0.467184841632843 0.8177719116210938 0.06547775864601135 0.13274256388346353
1 0.7336422801017761 0.3529260953267415 0.07134342193603516 0.16321118672688803
1 0.9907385110855103 0.44849928220113117 0.018329620361328125 0.05830232302347819
1 0.459880530834198 0.35372936725616455 0.06932505965232849 0.16122601429621378
