0 0.04554834465185801 0.31652337312698364 0.09049607316652934 0.12251797318458557
0 0.252556840578715 0.2720324993133545 0.2673703034718831 0.11296272277832031
0 0.30851789315541583 0.7419334650039673 0.26550982395807904 0.2545091509819031
0 0.6920343240102133 0.7603304386138916 0.30387930075327557 0.27635711431503296
0 0.7555397351582845 0.2555166184902191 0.16201678911844888 0.0901978462934494
0 0.05015420913696289 0.4740675985813141 0.09977710247039795 0.1774013638496399
1 0.7745933532714844 0.8004878759384155 0.08963672320048015 0.10365831851959229
1 0.3903868993123372 0.786015510559082 0.08397026856740315 0.09750205278396606
1 0.36893566449483234 0.43537837266921997 0.09126643339792888 0.12004679441452026
1 0.7925774256388346 0.43281427025794983 0.0992133617401123 0.12428504228591919
