0 0.06512368222077687 0.5286542773246765 0.1297768453756968 0.17706260085105896
0 0.6533426443735758 0.32585132122039795 0.33373693625132245 0.3630528748035431
0 0.9360105196634928 0.18408821523189545 0.12797904014587402 0.3663618266582489
0 0.3063111702601115 0.7320886254310608 0.2983616193135579 0.16425085067749023
0 0.654778798421224 0.4084009826183319 0.33581364154815674 0.19787293672561646
0 0.3064276973406474 0.6692266464233398 0.32247722148895264 0.2941492199897766
1 0.3889938195546468 0.7088382840156555 0.08017102877298991 0.09017467498779297
1 0.7630910873413086 0.37974655628204346 0.08987736701965332 0.10446855425834656
1 0.4029809633890788 0.365787148475647 0.09112393856048584 0.11452046036720276
1 0.7162405649820963 0.7089777588844299 0.0805653731028239 0.08756041526794434
